name,id
,31533331
,48031577
,48031578
,48031625
,48031626
,48031627
,48031628
,48031629
,54672536
,54672537
,54672538
,54674379
,55654976
,55654978
,55654979
,55654981
,55660820
,73228898
,73228900
,73228906
,73228914
,87103614
,87103615
,87103617
,87103618
,87103619
,87103620
,87103621
,87103622
,87103623
,87103624
,87103625
,87104448
,87104958
,87104959
,87104960
,87104961
,87104962
,87104966
,87104969
,87104971
,87104979
,87104980
,87104981
,87886878
,126245103
,126245109
,126245111
,126245122
,146976138
,146976140
,146976141
,146976142
,146976143
,146976144
,146976146
,146976148
,146976150
,146977608
,146977612
,146977614
,146977617
,146977619
,146977620
,146977621
,146990483
,146991638
,146991639
,146991640
,146991641
,146991642
,146991643
,146991644
,146991645
,146991646
,146991647
,146991648
,146991649
,146991650
,146991651
,146991652
,146991657
,149594584
,149597434
,149597438
,175520627
,191640046
,229188259
,258694153
,268365919
,270657514
,270657518
,270658775
,270661250
,270661817
,270662516
,270662554
,270663566
,270663567
,270663568
,270663569
,270663570
,270663571
,463793114
,463796487
,463796488
,463796489
,463796490
,463796491
,463796492
,463797962
,463797963
,463797964
,463797965
,463797966
,463797967
,463797968
,464847371
,464847372
,464847373
,464847374
,464847375
,464847376
,464847377
,464848345
,464848346
,464848347
,464848348
,464848349
,464848350
,465011981
,465011982
,465011983
,465011984
,465011985
,465011986
,771416855
,888461642
,888461643
,888461644
,888461645
,888461646
,888461647
,888461648
,888461649
,888461650
,888461651
,908580280
,908580281
,908580282
,1022325121
,1022325122
,1022325123
,1022326660
,1022326661
,1022326662
